10001;10003;10001;10007;2;05/12/2016;4:05:pm;2
10002;10014;10001;10001;10;05/12/2016;4:05:pm;1
10003;10018;10001;10001;22;05/12/2016;4:05:pm;2
10004;10004;10001;10001;10;05/12/2016;4:05:pm;1
10005;10004;10001;10007;2;05/12/2016;3:30:pm;1
10006;10003;10001;10008;10;05/12/2016;3:30:pm;2
10007;10002;10001;10008;10;05/12/2016;3:30:pm;2
10008;10002;10001;10008;6;05/12/2016;3:30:pm;2
10009;10004;10001;10002;25;05/12/2016;3:30:pm;2
10010;10002;10001;10008;8;05/12/2016;4:05:pm;2
10011;10001;10001;10003;4;05/12/2016;12:05am;0
10012;10005;10001;10008;7;05/12/2016;3:30:pm;2
10013;10005;10001;10008;3;05/12/2016;3:30:pm;2
10014;10007;10001;10008;1;05/12/2016;3:30:pm;2
10015;10005;10001;10008;1;05/12/2016;3:30:pm;2
10016;10005;10001;10004;2;02/12/2016;4:05:pm;0
10017;10037;10001;10006;1;05/12/2016;05:30pm;0
10018;10003;10001;10004;1;05/12/2016;04:40am;2
10019;10006;10001;10008;1;05/12/2016;04:40pm;0
10020;10005;10001;10008;1;06/12/2016;3:30:pm;2
10021;10005;10001;10003;1;06/12/2016;4:10pm;0
10022;10006;10001;10008;10;06/12/2016;04:05pm;0
10023;10005;10001;10005;6;06/12/2016;04:50pm;0
10024;10029;10001;10001;1;06/12/2016;04:50pm;0
10025;10001;10001;10001;10;06/12/2016;06:12pm;0
10026;10002;10001;10008;3;06/12/2016;5:20pm;0
